0 0 0 0	0 0 0
5  0 5 23 4 54 39
10 0 10 45 9 49 19
15 0 16 1 14 44 6
20 0 21 11 19 39 0
25 0 26 9 24 34 4
30 0 30 56 29 29 19
35 0 35 29 34 24 49
40 0 39 48 39 20 32
45 0 43 45 44 16 32
50 0 47 25 49 12 52
55 0 50 41 54 9 32
60 0 53 35 59 6 37
65 0 56 5 64 4 7
70 0 58 9 69 2 2
75 0 59 46 74 0 22
80 1 1 7 78 59 10
85 1 1 38 83 58 23
90 1 1 53 88 58 7
95 1 1 38 93 58 19
100 1 0 56 98 58 59
105 0 59 46 104 0 6
110 0 58 9 109 1 41
115 0 56 6 114 3 42
120 0 53 36 119 6 10
125 0 50 41 124 9 2
130 0 47 25 129 12 16
135 0 43 45 134 15 54
140 0 39 48 139 19 54
145 0 35 29 144 24 14
150 0 30 56 149 28 52
155 0 26 9 154 33 42
160 0 21 11 159 38 43
165 0 16 1 164 43 53
170 0 10 45 169 49 10
175 0 5 23 174 54 33
180 0 0 0 180 0 0
