10 28
9 31
10 30
11 31
12 30
13 31
14 31
16 30
16 31
18 30
18 31
20 31
21 28
20 31
21 30
22 31
23 30
24 31
25 31
27 30
27 31
29 30
29 31
1 31
2 28
1 31
2 30
3 31
4 30
5 31
6 31
8 30
8 31
10 30
10 31
12 31
13 28
12 31
13 30
14 31
15 30
16 31
17 31
19 30
19 31
22 30
21 31
23 31
24 28
23 31
24 30
25 31
26 30
27 31
28 31
30 30
30 31
2 30
2 31
4 31
5 28
4 31
5 30
6 31
7 30
8 31
9 31
11 30
11 31
13 30
13 31
15 31
16 28
15 31
16 30
17 31
18 30
19 31
20 31
22 30
22 31
24 30
24 31
26 31
27 28
26 31
27 30
28 31
29 30
30 31
2 31
3 30
4 31
5 30
5 31
7 31
8 28
7 31
8 30
9 31
10 30
11 31
12 31
14 30
14 31
16 30
16 31
18 31
19 28
18 31
19 30
20 31
21 30
22 31
23 31
25 30
25 31
27 30
27 31
29 31
30 28
28 31
30 30
1 31
2 30
3 31
4 31
6 30
6 31
8 30
8 31
10 31
11 28
10 31
11 30
12 31
13 30
14 31
15 31
17 30
17 31
19 30
19 31
21 31
22 28
21 31
22 30
23 31
24 30
25 31
26 31
28 30
28 31
30 30
30 31
2 31
3 28
2 31
3 30
4 31
5 30
6 31
7 31
9 30
9 31
11 30
11 31
13 31
14 28
13 31
14 30
15 31
16 30
17 31
18 31
20 30
20 31
22 30
22 31
24 31
25 28
24 31
25 30
26 31
27 30
28 31
29 31
1 30
1 31
3 30
3 31
5 31
6 28
5 31
6 30
7 31
8 30
9 31
10 31
12 30
12 31
14 30
14 31
16 31
17 28
16 31
17 30
18 31
19 30
20 31
21 31
23 30
23 31
25 30
25 31
27 31
28 28
27 31
28 30
29 31
30 30
1 31
2 31
3 30
4 31
6 30
6 31
9 31
